0.0624609700
0.0629092200
0.0750000000
0.0808122100
0.0818543200
0.0901519800
0.0906194450
0.0911780400
0.0955048950
0.1006448900
0.1036071600
0.1036419400
0.1040000000
0.1060464750
0.1160000000
0.1195824000
0.1205745900
0.1224948540
0.1228466000
0.1230511700
0.1240698900
0.1253314900
0.1253510900
0.1259749500
0.1275948900
0.1281015600
0.1302980600
0.1318152200
0.1330000000
0.1340000000
0.1343496300
0.1350191500
0.1350758800
0.1370000000
0.1371000000
0.1405920100
0.1430000000
0.1528016000
0.1534314000
0.1550892900
0.1552901900
0.1584407800
0.1596073200
0.1603564800
0.1633834100
0.1640449300
0.1641941700
0.1643654700
0.1667748700
0.1671003400
0.1679463800
0.1688374000
0.1696534900
0.1780421100
0.1796872300
0.1859497700
0.1890000000
0.1896985600
0.1899362500
0.1911442300
0.1950000000
0.1959137500
0.1960000000
0.2045555400
0.2060000000
0.2073952100
0.2075790000
0.2089000000
0.2149763100
0.2172000000
0.2190000000
0.2209692400
0.2218645200
0.2219304900
0.2240000000
0.2270425300
0.2282028200
0.2282033600
0.2284679700
0.2317600800
0.2320000000
0.2368744800
0.2378922000
0.2405468100
0.2413171100
0.2414460800
0.2448032600
0.2478892500
0.2551000000
0.2680720700
0.2728858300
0.2740000000
0.2775000000
0.2802970700
0.2821875200
0.2846000000
0.2849176200
0.2852070000
0.2881373200
0.2890000000
0.2905114000
0.2936637000
0.2940000000
0.2990000000
0.3171237400
0.3210230200
0.3214418300
0.3220000000
0.3240000000
0.3250000000
0.3316529700
0.3470000000
0.3501000000
0.3510000000
0.3520000000
0.3521089000
0.3582934700
0.3589947000
0.3610000000
0.3630000000
0.3717000000
0.3800000000
0.3890000000
0.3908099800
0.3918000000
0.3966000000
0.4000000000
0.4020000000
0.4070000000
0.4079890800
0.4100000000
0.4115000000
0.4190000000
0.4223719000
0.4245000000
0.4300000000
0.4360000000
0.4370000000
0.4380000000
0.4390000000
0.4400000000
0.4456000000
0.4514890600
0.4560000000
0.4581751500
0.4627000000
0.4633999200
0.4640000000
0.4670000000
0.4671000000
0.4674695000
0.4700000000
0.4730000000
0.4740000000
0.4765906600
0.4800000000
0.4810000000
0.4830000000
0.4859000000
0.4865000000
0.4900000000
0.4936696300
0.4940000000
0.4970000000
0.4990000000
0.5002034300
0.5040000000
0.5073637400
0.5130000000
0.5169000000
0.5170000000
0.5200000000
0.5217547000
0.5240000000
0.5250000000
0.5270637000
0.5300000000
0.5310000000
0.5320000000
0.5327000000
0.5331000000
0.5348269000
0.5350000000
0.5380000000
0.5390000000
0.5433355000
0.5500075000
0.5506772000
0.5530000000
0.5550000000
0.5559036000
0.5570000000
0.5602547500
0.5628081600
0.5641943000
0.5663000000
0.5750000000
0.5790000000
0.5800293000
0.5804000000
0.5810000000
0.5811148000
0.5842391000
0.5868811600
0.5880000000
0.5940000000
0.5954000000
0.5992604500
0.6020000000
0.6045253000
0.6073794400
0.6080000000
0.6090000000
0.6110000000
0.6150000000
0.6239000000
0.6261068000
0.6300000000
0.6310000000
0.6320000000
0.6371000000
0.6400000000
0.6420000000
0.6460000000
0.6472058000
0.6537000000
0.6570000000
0.6592055000
0.6595000000
0.6640000000
0.6679000000
0.6709407000
0.6740000000
0.6820000000
0.6860000000
0.6880000000
0.6960000000
0.6997722000
0.7120000000
0.7130000000
0.7160000000
0.7170000000
0.7220000000
0.7330246600
0.7389000000
0.7401000000
0.7440000000
0.7469000000
0.7477000000
0.7720000000
0.7840000000
0.7930000000
0.7950000000
0.8050000000
0.8070000000
0.8100000000
0.8110000000
0.8318000000
0.8326000000
0.8483000000
0.8580000000
0.8744235600
0.8750000000
0.8840000000
0.8930000000
0.8970000000
0.8980000000
0.9100000000
0.9199000000
0.9240000000
0.9310000000
0.9360000000
0.9628000000
0.9780000000
0.9800000000
0.9818000000
0.9820000000
0.9900000000
1.0048000000
1.0160000000
1.0200000000
1.0233349000
1.0250000000
1.0336110000
1.0650000000
1.0700000000
1.0710000000
1.0862565000
1.1046000000
1.1133329000
1.1790000000
1.1820000000
1.1920000000
1.2000000000
1.2108935000
1.2300000000
1.2310000000
1.2660000000
1.2843771000
1.2885885000
1.2907000000
1.2970000000
1.3110000000
1.3300000000
1.3320000000
1.3460000000
1.3600000000
1.3640000000
1.3958951000
1.4050000000
1.4200000000
1.4210000000
1.4400000000
1.4460000000
1.4517026000
1.4700000000
1.5180000000
1.5400000000
1.5500000000
1.5900000000
1.7630000000
1.8500000000
1.8690000000
1.8800000000
2.0000000000
2.0600000000
2.0900000000
2.0920000000
2.1300000000
2.1390000000
2.1430000000
2.1500000000
2.2335000000
2.2390000000
2.2491000000
2.2650000000
2.2950000000
2.3020000000
2.3400000000
2.3500000000
2.3600000000
2.4000000000
2.4500000000
2.4620000000
2.5000000000
